id, runtime, darcy_flux, porosity, bulk_conductivity, temperature, voltage, length, heating_time, buildup_time, rotate, bool_heat1, bool_heat2, bool_heat3, bool_heat4
#gw01, 5000, 0.0, 0.41, 1.6, 20, 230, 64, 1800, 2, 0, 1, 1, 1, 1
#gw02, 5000, 0.5, 0.41, 1.6, 20, 230, 64, 1800, 2, 0, 1, 1, 1, 1
#gw03, 5000, 1.0, 0.41, 1.6, 20, 230, 64, 1800, 2, 0, 1, 1, 1, 1
#gw04, 5000, 1.5, 0.41, 1.6, 20, 230, 64, 1800, 2, 0, 1, 1, 1, 1
#gw05, 5000, 2.0, 0.41, 1.6, 20, 230, 64, 1800, 2, 0, 1, 1, 1, 1
#gw06, 5000, 2.5, 0.41, 1.6, 20, 230, 64, 1800, 2, 0, 1, 1, 1, 1
#gw07, 5000, 3.0, 0.41, 1.6, 20, 230, 64, 1800, 2, 0, 1, 1, 1, 1
#gw08, 5000, 3.5, 0.41, 1.6, 20, 230, 64, 1800, 2, 0, 1, 1, 1, 1
#gw09, 5000, 4.0, 0.41, 1.6, 20, 230, 64, 1800, 2, 0, 1, 1, 1, 1
#gw10, 5000, 4.5, 0.41, 1.6, 20, 230, 64, 1800, 2, 0, 1, 1, 1, 1
#gw11, 5000, 5.0, 0.41, 1.6, 20, 230, 64, 1800, 2, 0, 1, 1, 1, 1
#gw12, 5000, 5.5, 0.41, 1.6, 20, 230, 64, 1800, 2, 0, 1, 1, 1, 1
#gw13, 5000, 6.0, 0.41, 1.6, 20, 230, 64, 1800, 2, 0, 1, 1, 1, 1
#gw14, 5000, 6.5, 0.41, 1.6, 20, 230, 64, 1800, 2, 0, 1, 1, 1, 1
#gw15, 5000, 7.0, 0.41, 1.6, 20, 230, 64, 1800, 2, 0, 1, 1, 1, 1
#gw16, 5000, 7.5, 0.41, 1.6, 20, 230, 64, 1800, 2, 0, 1, 1, 1, 1
#gw17, 5000, 8.0, 0.41, 1.6, 20, 230, 64, 1800, 2, 0, 1, 1, 1, 1
#gw18, 5000, 8.5, 0.41, 1.6, 20, 230, 64, 1800, 2, 0, 1, 1, 1, 1
#gw19, 5000, 9.0, 0.41, 1.6, 20, 230, 64, 1800, 2, 0, 1, 1, 1, 1
#gw20, 5000, 9.5, 0.41, 1.6, 20, 230, 64, 1800, 2, 0, 1, 1, 1, 1
#gw21, 5000, 10.0, 0.41, 1.6, 20, 230, 64, 1800, 2, 0, 1, 1, 1, 1
#gw22, 5000, 10.5, 0.41, 1.6, 20, 230, 64, 1800, 2, 0, 1, 1, 1, 1
#gw23, 5000, 11.0, 0.41, 1.6, 20, 230, 64, 1800, 2, 0, 1, 1, 1, 1
#gw24, 5000, 11.5, 0.41, 1.6, 20, 230, 64, 1800, 2, 0, 1, 1, 1, 1
#gw25, 5000, 12.0, 0.41, 1.6, 20, 230, 64, 1800, 2, 0, 1, 1, 1, 1
#gw26, 5000, 12.5, 0.41, 1.6, 20, 230, 64, 1800, 2, 0, 1, 1, 1, 1
#gw27, 5000, 13.0, 0.41, 1.6, 20, 230, 64, 1800, 2, 0, 1, 1, 1, 1
#gw28, 5000, 13.5, 0.41, 1.6, 20, 230, 64, 1800, 2, 0, 1, 1, 1, 1
#gw29, 5000, 14.0, 0.41, 1.6, 20, 230, 64, 1800, 2, 0, 1, 1, 1, 1
#gw30, 5000, 14.5, 0.41, 1.6, 20, 230, 64, 1800, 2, 0, 1, 1, 1, 1
#gw31, 5000, 15.0, 0.41, 1.6, 20, 230, 64, 1800, 2, 0, 1, 1, 1, 1
#gw32, 5000, 15.5, 0.41, 1.6, 20, 230, 64, 1800, 2, 0, 1, 1, 1, 1
#gw33, 5000, 16.0, 0.41, 1.6, 20, 230, 64, 1800, 2, 0, 1, 1, 1, 1
#gw34, 5000, 16.5, 0.41, 1.6, 20, 230, 64, 1800, 2, 0, 1, 1, 1, 1
#gw35, 5000, 17.0, 0.41, 1.6, 20, 230, 64, 1800, 2, 0, 1, 1, 1, 1
#gw36, 5000, 17.5, 0.41, 1.6, 20, 230, 64, 1800, 2, 0, 1, 1, 1, 1
#gw37, 5000, 18.0, 0.41, 1.6, 20, 230, 64, 1800, 2, 0, 1, 1, 1, 1
#gw38, 5000, 18.5, 0.41, 1.6, 20, 230, 64, 1800, 2, 0, 1, 1, 1, 1
#gw39, 5000, 19.0, 0.41, 1.6, 20, 230, 64, 1800, 2, 0, 1, 1, 1, 1
#gw40, 5000, 19.5, 0.41, 1.6, 20, 230, 64, 1800, 2, 0, 1, 1, 1, 1
#gw41, 5000, 20.0, 0.41, 1.6, 20, 230, 64, 1800, 2, 0, 1, 1, 1, 1
#gw42, 5000, 20.5, 0.41, 1.6, 20, 230, 64, 1800, 2, 0, 1, 1, 1, 1
#gw43, 5000, 21.0, 0.41, 1.6, 20, 230, 64, 1800, 2, 0, 1, 1, 1, 1
#gw44, 5000, 21.5, 0.41, 1.6, 20, 230, 64, 1800, 2, 0, 1, 1, 1, 1
#gw45, 5000, 22.0, 0.41, 1.6, 20, 230, 64, 1800, 2, 0, 1, 1, 1, 1
#gw46, 5000, 22.5, 0.41, 1.6, 20, 230, 64, 1800, 2, 0, 1, 1, 1, 1
#gw47, 5000, 23.0, 0.41, 1.6, 20, 230, 64, 1800, 2, 0, 1, 1, 1, 1
#gw48, 5000, 23.5, 0.41, 1.6, 20, 230, 64, 1800, 2, 0, 1, 1, 1, 1
#gw49, 5000, 24.0, 0.41, 1.6, 20, 230, 64, 1800, 2, 0, 1, 1, 1, 1
#gw50, 5000, 24.5, 0.41, 1.6, 20, 230, 64, 1800, 2, 0, 1, 1, 1, 1
#gw51, 5000, 25.0, 0.41, 1.6, 20, 230, 64, 1800, 2, 0, 1, 1, 1, 1
# ZERO FLOW VARYING POWER SIMULATIONS
gw100, 5000, 0.0, 0.41, 1.6, 20, 230, 28, 1800, 2, 0, 1, 0, 1, 0
gw101, 5000, 0.0, 0.41, 1.6, 20, 200, 28, 1800, 2, 0, 1, 0, 1, 0
gw102, 5000, 0.0, 0.41, 1.6, 20, 170, 28, 1800, 2, 0, 1, 0, 1, 0
gw103, 5000, 0.0, 0.41, 1.6, 20, 140, 28, 1800, 2, 0, 1, 0, 1, 0
gw104, 5000, 0.0, 0.41, 1.6, 20, 110, 28, 1800, 2, 0, 1, 0, 1, 0
gw105, 5000, 0.0, 0.41, 1.6, 20, 80, 28, 1800, 2, 0, 1, 0, 1, 0
gw106, 5000, 0.0, 0.41, 1.6, 20, 50, 28, 1800, 2, 0, 1, 0, 1, 0
gw107, 5000, 0.0, 0.41, 1.6, 20, 20, 28, 1800, 2, 0, 1, 0, 1, 0
gw108, 5000, 0.0, 0.41, 1.6, 20, 400, 28, 1800, 2, 0, 1, 0, 1, 0
# ZERO FLOW VARYING HEATING length
#gw200, 5000, 0.0, 0.41, 1.6, 20, 230, 52, 1800, 2, 0, 1, 1, 1, 1
#gw201, 5000, 0.0, 0.41, 1.6, 20, 230, 28, 1800, 2, 0, 1, 1, 1, 1
#gw202, 5000, 0.0, 0.41, 1.6, 20, 230, 28, 1800, 2, 0, 1, 0, 1, 0
# DIFFERENT HEATING CABLE COMBINATION TESTS
#gw203, 5000, 0.0, 0.41, 1.6, 20, 230, 28, 1800, 2, 0, 1, 1, 0, 0
#gw204, 5000, 0.0, 0.41, 1.6, 20, 230, 28, 1800, 2, 0, 1, 0, 0, 1
#gw205, 5000, 0.0, 0.41, 1.6, 20, 230, 28, 1800, 2, 0, 0, 1, 1, 0
#gw206, 5000, 0.0, 0.41, 1.6, 20, 230, 28, 1800, 2, 0, 0, 1, 0, 1
#gw207, 5000, 0.0, 0.41, 1.6, 20, 230, 28, 1800, 2, 0, 0, 0, 1, 1
#gw208, 5000, 0.0, 0.41, 1.6, 20, 230, 14, 1800, 2, 0, 1, 1, 0, 0
# ZERO FLOW VARYING thermal bulk_conductivity for literature range for saturated sand (1 - 3 W/m/K)
#gw300, 5000, 0.0, 0.41, 1.0, 20, 230, 28, 1800, 2, 0, 1, 0, 1, 0
#gw301, 5000, 0.0, 0.41, 1.2, 20, 230, 28, 1800, 2, 0, 1, 0, 1, 0 
#gw302, 5000, 0.0, 0.41, 1.4, 20, 230, 28, 1800, 2, 0, 1, 0, 1, 0 
#gw303, 5000, 0.0, 0.41, 1.6, 20, 230, 28, 1800, 2, 0, 1, 0, 1, 0 
#gw304, 5000, 0.0, 0.41, 1.8, 20, 230, 28, 1800, 2, 0, 1, 0, 1, 0 
#gw305, 5000, 0.0, 0.41, 2.0, 20, 230, 28, 1800, 2, 0, 1, 0, 1, 0 
#gw306, 5000, 0.0, 0.41, 2.2, 20, 230, 28, 1800, 2, 0, 1, 0, 1, 0 
#gw307, 5000, 0.0, 0.41, 2.4, 20, 230, 28, 1800, 2, 0, 1, 0, 1, 0 
#gw308, 5000, 0.0, 0.41, 2.6, 20, 230, 28, 1800, 2, 0, 1, 0, 1, 0 
#gw309, 5000, 0.0, 0.41, 2.8, 20, 230, 28, 1800, 2, 0, 1, 0, 1, 0 
#gw310, 5000, 0.0, 0.41, 3.0, 20, 230, 28, 1800, 2, 0, 1, 0, 1, 0  
# redo part of the gw flow
#gw401, 5000, 0.0, 0.41, 1.6, 20, 230, 28, 1800, 2, 0, 1, 0, 1, 0
#gw402, 5000, 1.0, 0.41, 1.6, 20, 230, 28, 1800, 2, 0, 1, 0, 1, 0
#gw403, 5000, 2.0, 0.41, 1.6, 20, 230, 28, 1800, 2, 0, 1, 0, 1, 0
#gw404, 5000, 3.0, 0.41, 1.6, 20, 230, 28, 1800, 2, 0, 1, 0, 1, 0
#gw405, 5000, 4.0, 0.41, 1.6, 20, 230, 28, 1800, 2, 0, 1, 0, 1, 0
#gw406, 5000, 5.0, 0.41, 1.6, 20, 230, 28, 1800, 2, 0, 1, 0, 1, 0
#gw407, 5000, 6.0, 0.41, 1.6, 20, 230, 28, 1800, 2, 0, 1, 0, 1, 0
#gw408, 5000, 7.0, 0.41, 1.6, 20, 230, 28, 1800, 2, 0, 1, 0, 1, 0
#gw409, 5000, 8.0, 0.41, 1.6, 20, 230, 28, 1800, 2, 0, 1, 0, 1, 0
#gw410, 5000, 9.0, 0.41, 1.6, 20, 230, 28, 1800, 2, 0, 1, 0, 1, 0
#gw411, 5000, 10.0, 0.41, 1.6, 20, 230, 28, 1800, 2, 0, 1, 0, 1, 0
#gw412, 5000, 11.0, 0.41, 1.6, 20, 230, 28, 1800, 2, 0, 1, 0, 1, 0
#gw413, 5000, 12.0, 0.41, 1.6, 20, 230, 28, 1800, 2, 0, 1, 0, 1, 0
#gw414, 5000, 13.0, 0.41, 1.6, 20, 230, 28, 1800, 2, 0, 1, 0, 1, 0
#gw415, 5000, 14.0, 0.41, 1.6, 20, 230, 28, 1800, 2, 0, 1, 0, 1, 0
#gw416, 5000, 15.0, 0.41, 1.6, 20, 230, 28, 1800, 2, 0, 1, 0, 1, 0
#gw417, 5000, 16.0, 0.41, 1.6, 20, 230, 28, 1800, 2, 0, 1, 0, 1, 0
#gw418, 5000, 17.0, 0.41, 1.6, 20, 230, 28, 1800, 2, 0, 1, 0, 1, 0
#gw419, 5000, 18.0, 0.41, 1.6, 20, 230, 28, 1800, 2, 0, 1, 0, 1, 0
#gw420, 5000, 19.0, 0.41, 1.6, 20, 230, 28, 1800, 2, 0, 1, 0, 1, 0
#gw421, 5000, 20.0, 0.41, 1.6, 20, 230, 28, 1800, 2, 0, 1, 0, 1, 0